37 78 86 71 84 7 43 94 39 64 
2 0 66 81 13 88 35 77 19 47 
77 84 47 7 19 47 57 12 55 12 
12 36 32 78 59 23 84 20 99 88 
24 1 68 5 28 95 8 26 88 84 
4 80 98 53 81 87 17 50 91 26 
93 53 35 51 13 65 81 30 44 63 
96 49 45 2 94 87 15 55 18 100 
47 9 24 30 46 62 28 96 46 77 
74 54 68 65 46 53 74 42 76 6 
100 37 7 87 93 25 96 7 17 84 
4 37 41 83 16 13 93 8 49 87 
59 55 15 71 35 6 95 11 78 65 
25 57 84 45 2 90 49 67 5 71 
83 19 82 82 62 77 19 30 0 52 
70 1 46 49 99 44 61 49 64 64 
71 42 28 75 47 79 19 13 89 71 
95 66 5 86 99 26 43 62 27 29 
32 15 37 100 86 38 23 19 100 75 
71 77 33 37 16 23 95 93 45 38 
7 88 45 3 59 64 39 25 84 32 
28 21 19 41 29 4 23 3 70 60 
54 34 31 49 90 89 40 89 66 55 
43 81 23 4 88 15 37 21 61 92 
47 68 39 77 26 17 91 14 10 1 
42 65 25 51 24 7 41 67 15 49 
85 82 96 84 74 77 32 24 51 33 
11 86 12 28 15 50 97 41 48 63 
30 46 78 99 52 88 28 85 46 79 
0 74 5 59 54 91 73 69 93 23 
30 38 8 40 23 86 38 67 40 97 
21 8 48 79 85 65 1 25 82 20 
88 9 10 45 59 9 37 99 11 65 
33 88 45 57 12 70 99 53 70 53 
98 69 76 7 58 7 26 37 55 69 
51 37 36 48 88 42 5 73 77 30 
79 90 52 95 2 62 58 48 36 53 
17 59 44 1 83 19 73 77 1 50 
43 98 63 59 81 17 76 9 81 14 
39 83 58 29 47 13 65 20 72 80 
13 83 2 53 7 25 41 57 56 61 
56 25 3 81 68 49 97 49 24 29 
88 29 93 30 14 90 17 64 32 62 
57 91 13 54 99 13 25 99 11 40 
60 1 3 27 30 0 71 33 94 67 
18 43 38 86 93 99 88 7 54 57 
26 74 22 58 84 95 54 90 43 54 
85 94 70 27 16 69 40 43 33 14 
15 17 19 34 50 98 70 7 41 12 
93 53 32 60 91 23 47 53 71 96 
61 49 54 41 90 81 70 5 66 60 
100 34 89 72 85 4 24 95 41 99 
24 81 57 82 41 22 40 76 85 40 
71 71 15 34 89 25 38 75 43 95 
32 32 67 21 4 73 40 75 76 65 
88 77 86 15 35 44 90 82 26 24 
41 36 25 76 10 46 54 45 77 75 
6 48 29 73 75 25 72 92 29 8 
15 88 28 7 25 4 42 9 56 52 
80 30 24 37 31 18 21 95 23 52 
22 49 85 20 92 1 47 40 69 31 
75 2 10 8 85 47 46 83 18 90 
31 9 73 1 30 95 50 18 72 39 
35 3 89 48 16 48 55 48 79 75 
66 96 68 56 73 3 12 72 39 69 
74 78 74 30 70 17 45 31 68 1 
95 19 55 74 82 48 22 5 43 70 
74 47 90 19 14 82 55 88 29 75 
58 99 12 2 75 18 74 76 46 87 
44 97 58 88 68 21 90 61 4 63 
67 32 4 26 85 88 27 91 70 45 
33 89 73 50 100 73 72 60 94 73 
65 35 84 100 79 14 17 39 88 69 
49 3 58 29 47 67 45 80 100 20 
58 68 55 47 79 45 33 10 43 78 
47 38 82 68 64 67 0 72 2 79 
13 29 60 76 7 4 70 88 18 85 
21 43 7 85 72 3 8 21 68 34 
12 51 37 3 100 74 86 18 60 94 
31 6 51 73 39 32 79 80 8 10 
45 94 89 68 26 100 82 89 4 20 
6 70 36 46 68 59 77 69 17 64 
47 97 21 78 89 99 52 10 22 51 
85 80 98 96 79 71 27 85 6 27 
6 58 48 10 41 100 82 75 11 7 
86 5 60 65 60 38 81 73 13 68 
65 56 77 2 98 34 56 21 1 87 
96 58 41 27 29 34 96 45 21 16 
0 12 100 97 47 49 86 79 25 15 
91 79 71 42 12 42 57 15 72 19 
11 16 19 13 13 88 94 42 13 44 
9 21 18 58 87 15 15 31 48 17 
34 23 25 3 37 44 35 99 100 49 
73 11 23 87 26 37 31 5 56 16 
20 6 100 98 55 72 33 56 61 15 
38 63 61 58 7 78 64 25 94 36 
82 84 94 78 42 1 0 94 53 19 
89 3 79 84 75 24 93 20 95 71 
90 28 87 19 55 57 36 32 1 26 
14 35 82 93 57 31 13 27 8 82 
15 32 7 77 51 71 77 7 100 39 
85 94 70 99 69 54 99 20 97 85 
90 82 20 29 27 100 0 92 20 12 
77 38 9 48 49 66 88 27 90 36 
90 32 94 84 3 75 78 50 9 84 
57 47 84 78 69 61 86 18 38 63 
62 90 71 54 74 44 39 30 44 39 
19 53 10 67 61 51 31 15 70 27 
96 27 85 43 2 7 74 84 9 63 
45 99 12 64 60 72 1 21 59 60 
96 61 57 38 60 74 39 99 24 91 
46 1 37 51 43 8 67 33 40 100 
58 4 87 59 100 9 54 63 100 52 
36 91 57 65 44 70 59 16 39 50 
37 23 7 52 22 37 51 2 93 86 
88 25 78 4 31 94 43 61 29 56 
89 73 93 53 18 77 57 55 28 89 
47 60 20 2 81 100 76 92 80 67 
71 64 51 37 6 25 36 54 24 7 
18 79 98 12 29 59 85 51 81 53 
47 90 79 41 91 40 5 49 74 68 
48 58 1 46 35 10 56 45 97 18 
97 46 97 52 93 66 59 61 83 60 
76 24 90 94 76 76 63 40 74 49 
25 67 96 72 17 25 17 100 52 91 
23 30 94 44 0 20 37 60 8 81 
25 25 43 73 70 56 70 11 75 25 
62 81 0 22 74 2 70 61 36 17 
94 7 21 2 0 59 0 51 83 8 
9 45 5 100 38 92 3 20 29 69 
65 30 73 31 21 30 98 53 18 90 
24 88 98 73 96 43 3 98 12 23 
99 59 21 90 27 23 12 17 72 65 
29 79 86 41 46 29 41 63 71 21 
31 51 99 96 97 58 57 73 29 1 
96 59 54 21 37 37 91 93 49 3 
77 43 18 86 0 72 70 64 53 21 
3 7 57 39 60 74 26 93 99 38 
62 38 87 74 14 92 0 45 48 75 
90 62 92 29 62 52 48 87 5 34 
77 17 52 93 23 99 46 35 25 76 
88 81 83 50 92 39 93 62 30 23 
88 69 15 87 4 35 19 0 57 84 
5 15 18 14 96 30 62 18 3 88 
94 65 73 27 55 50 45 98 100 23 
52 61 44 10 94 90 64 88 43 81 
62 78 75 21 72 40 51 60 84 36 
3 73 6 36 41 55 35 32 58 15 
68 12 19 49 79 18 69 47 38 48 
21 79 7 94 71 15 58 24 27 23 
74 73 44 57 74 30 20 22 28 29 
2 72 0 70 95 23 16 95 68 84 
87 63 63 90 42 29 69 90 78 33 
64 95 51 8 41 41 88 97 30 53 
29 60 18 32 87 22 54 89 51 27 
37 76 76 48 24 24 79 35 68 88 
61 41 33 1 35 57 53 52 64 23 
48 90 79 87 90 36 16 21 29 6 
81 47 59 96 38 48 28 15 9 89 
70 59 31 24 80 42 15 83 12 25 
27 70 55 93 12 90 72 70 32 40 
63 99 33 20 47 30 78 16 9 61 
45 92 57 3 80 24 90 93 35 53 
83 5 53 18 96 8 16 92 64 85 
1 87 68 38 100 29 41 17 22 48 
16 60 82 61 43 37 37 39 41 98 
62 56 51 97 96 22 55 54 43 34 
96 62 2 12 77 2 18 88 53 84 
45 31 25 31 68 71 99 7 24 80 
1 24 87 61 58 2 6 11 14 5 
36 32 18 28 94 35 84 0 34 81 
77 38 77 47 64 42 83 63 73 50 
13 25 24 47 39 14 53 82 61 62 
93 97 82 79 56 90 99 64 80 35 
48 3 51 64 16 22 33 62 84 2 
24 83 24 38 79 2 93 72 59 59 
53 54 23 93 68 2 82 37 38 26 
20 78 96 90 91 65 98 67 42 32 
80 2 57 33 30 80 85 23 57 63 
94 86 28 25 97 6 41 40 98 80 
45 77 77 69 24 7 59 15 26 0 
80 80 24 63 22 57 69 55 12 56 
96 2 31 23 52 49 67 91 96 51 
71 82 32 32 28 71 74 79 17 61 
98 19 56 23 78 9 98 5 34 21 
53 21 66 98 94 8 79 78 89 69 
34 96 65 22 32 58 30 76 40 35 
82 89 92 95 59 55 17 86 29 25 
97 64 29 60 37 57 11 5 27 70 
18 47 93 14 74 99 100 85 27 68 
12 24 90 51 48 78 70 16 46 0 
81 8 7 98 29 14 77 14 81 14 
60 86 79 29 2 1 9 81 50 100 
78 9 38 21 38 88 15 1 36 7 
96 71 61 66 39 33 54 100 53 75 
91 27 24 71 94 11 86 18 93 45 
22 81 86 40 52 28 66 42 85 17 
27 70 87 59 76 67 36 47 97 83 
56 76 47 38 75 34 11 84 82 64 
98 27 83 65 47 77 98 44 45 4 
58 35 25 30 10 18 93 51 34 2 
16 76 81 10 97 72 22 89 33 70 
14 93 2 82 21 51 1 23 17 52 
42 47 39 0 91 9 80 19 70 81 
25 17 30 9 57 94 89 0 59 79 
71 87 51 76 63 68 87 27 100 76 
39 12 62 89 25 31 29 77 61 80 
4 8 56 15 89 16 77 97 31 14 
77 7 35 100 7 20 81 41 11 9 
38 5 21 75 25 88 55 100 9 54 
8 66 90 34 49 47 66 32 70 81 
14 66 77 51 18 29 74 37 36 32 
78 12 55 80 30 61 92 97 20 74 
36 39 51 42 75 53 5 79 48 4 
36 74 5 21 48 73 51 93 57 45 
17 100 5 3 82 20 21 3 27 35 
3 2 81 78 79 91 40 31 45 34 
21 52 2 18 70 7 21 59 44 28 
71 79 45 78 87 51 55 95 5 50 
73 75 15 56 38 17 9 69 51 29 
93 80 33 35 63 9 30 66 24 76 
5 92 50 94 57 93 37 22 61 18 
85 90 26 63 88 82 32 86 100 48 
84 95 23 97 15 2 46 58 59 78 
66 5 50 21 76 33 56 99 60 3 
67 59 53 18 64 30 60 86 83 43 
27 93 51 27 76 59 86 93 35 36 
66 13 72 49 7 61 56 35 95 100 
95 88 22 12 58 53 38 70 36 53 
29 27 21 35 0 87 1 31 7 39 
74 42 23 32 38 12 94 73 22 0 
36 45 43 31 2 48 91 57 86 62 
61 99 6 5 95 12 54 75 63 77 
24 96 99 56 93 79 73 32 18 77 
42 26 69 49 22 86 1 95 45 77 
33 84 60 26 47 89 26 89 74 52 
34 19 30 65 22 81 78 10 23 84 
15 49 20 42 32 82 86 68 3 29 
31 87 26 48 42 47 35 20 50 37 
84 68 3 5 38 54 76 33 83 100 
55 91 48 78 45 11 76 51 35 38 
84 5 100 90 55 68 63 11 58 88 
86 82 4 91 98 69 51 30 37 94 
4 41 57 13 67 14 24 64 54 94 
46 13 5 80 44 47 96 58 48 26 
70 42 43 91 52 52 98 46 74 98 
46 43 87 84 19 90 9 41 67 60 
74 85 9 17 16 59 50 72 86 45 
79 92 87 51 73 39 83 53 72 40 
51 78 79 76 43 12 47 69 89 83 
24 58 76 25 51 48 18 27 100 84 
14 95 43 20 67 15 29 13 95 27 
43 100 49 51 39 51 83 86 83 4 
57 50 34 11 49 80 42 35 92 69 
76 55 86 11 70 43 83 56 30 54 
16 25 38 1 68 94 45 13 64 57 
83 9 86 2 0 1 95 35 79 82 
93 12 55 96 21 87 73 69 78 100 
77 16 21 88 32 1 23 43 26 13 
20 48 87 72 28 14 76 97 72 25 
94 38 83 56 46 48 38 52 44 22 
55 30 67 87 18 81 13 6 97 30 
93 37 10 74 66 94 61 88 0 51 
84 89 67 52 23 87 43 69 40 14 
82 72 44 45 92 63 42 43 76 51 
91 2 37 0 16 58 29 19 39 30 
96 68 46 27 99 19 62 19 52 47 
41 36 39 74 100 73 9 55 21 8 
31 0 13 83 50 88 90 95 10 6 
36 88 69 91 2 94 84 50 5 55 
74 7 76 87 47 36 52 96 94 77 
38 100 17 87 71 82 31 17 15 35 
18 68 30 45 72 33 81 75 22 24 
98 63 57 51 69 46 85 99 49 70 
17 95 46 86 55 43 24 53 15 19 
94 55 25 57 35 36 78 5 34 77 
85 75 12 87 11 85 96 46 88 29 
49 83 30 3 96 37 75 65 51 100 
63 80 70 78 58 39 51 99 9 75 
57 78 21 83 20 56 14 20 43 61 
77 78 13 2 54 61 66 90 16 71 
8 48 23 52 46 15 92 22 25 67 
14 54 13 37 63 41 1 14 22 89 
76 35 87 44 43 42 9 4 64 44 
73 94 94 19 7 80 82 30 49 83 
61 45 25 97 48 46 56 62 66 69 
69 4 17 100 20 60 51 8 8 71 
95 14 40 68 16 96 93 50 3 12 
31 53 13 17 48 87 40 1 29 83 
84 25 70 27 100 49 1 100 40 30 
88 99 39 5 36 52 62 78 38 15 
2 46 22 27 90 71 50 61 69 52 
27 18 29 16 87 90 96 85 49 98 
91 77 90 26 98 41 67 7 97 86 
4 29 50 95 99 7 73 92 78 33 
96 35 8 11 70 76 13 84 51 47 
51 61 22 88 19 43 75 89 64 80 
74 37 5 73 57 4 98 27 22 37 
92 83 18 88 74 66 22 49 77 8 
29 75 96 55 19 58 70 70 32 34 
29 46 75 7 42 23 54 27 37 78 
57 84 81 77 10 42 0 69 97 68 
15 12 100 98 70 53 73 69 1 92 
14 16 48 16 85 69 98 33 23 27 
94 28 14 80 29 89 5 74 97 76 
12 77 72 69 26 11 82 95 88 40 
53 90 75 58 21 11 35 8 80 100 
9 78 55 66 71 84 4 88 57 58 
0 71 57 81 30 42 77 67 42 65 
37 62 37 54 80 2 27 63 20 26 
64 48 45 76 38 0 24 66 89 58 
45 8 69 32 93 12 67 81 60 27 
79 64 46 47 4 29 41 29 29 12 
11 46 6 12 40 35 90 62 41 26 
39 14 68 39 37 5 68 94 24 50 
46 45 12 81 59 99 58 10 60 72 
54 12 40 73 68 23 62 14 98 53 
41 16 86 62 2 25 42 12 43 74 
79 39 96 15 18 3 37 27 71 6 
70 47 82 13 85 63 1 35 29 47 
72 38 36 77 56 69 85 0 10 100 
25 2 45 56 25 62 99 64 1 56 
46 50 86 84 3 63 26 6 55 78 
64 67 99 47 75 41 84 95 99 49 
12 26 80 47 37 94 51 56 29 48 
79 3 59 7 55 63 28 90 66 57 
2 64 7 20 13 45 15 57 31 64 
85 24 83 63 20 65 32 42 6 86 
22 77 24 87 3 72 56 33 18 94 
93 40 54 14 46 57 10 99 97 78 
60 58 46 13 4 82 2 74 96 85 
36 65 65 86 9 9 9 22 48 27 
45 57 68 40 1 36 59 11 79 90 
37 94 64 53 86 47 63 37 42 94 
31 32 99 92 67 46 58 66 52 1 
42 90 5 30 60 3 68 23 10 76 
86 39 8 82 74 77 2 98 90 70 
93 62 72 36 69 5 60 7 15 27 
51 87 3 40 60 41 39 87 64 77 
97 8 57 75 23 18 89 83 21 83 
51 62 46 84 55 91 97 12 30 96 
98 43 95 82 93 17 60 69 13 81 
18 8 4 84 91 35 7 43 16 1 
17 94 21 18 6 90 75 65 27 55 
42 51 66 70 94 73 70 87 5 88 
91 50 74 71 23 39 88 66 51 64 
74 13 62 64 69 34 73 97 49 92 
72 91 29 67 95 71 26 3 50 29 
82 96 58 58 59 2 40 59 95 100 
72 63 33 2 43 93 31 92 31 68 
29 95 81 94 4 66 56 4 73 76 
83 66 100 22 10 91 65 28 83 99 
80 48 32 57 85 93 73 12 58 96 
30 62 34 64 60 47 71 67 67 68 
14 42 46 26 16 22 66 10 31 15 
12 6 17 61 66 54 20 30 95 36 
89 92 58 93 18 48 32 64 62 73 
20 18 19 56 1 47 15 37 3 5 
57 7 73 14 59 74 21 27 66 89 
17 96 26 7 1 53 92 9 1 76 
73 38 6 43 94 12 31 28 17 90 
45 3 100 61 74 0 68 56 85 28 
99 86 45 50 10 47 50 22 90 79 
60 37 49 52 64 54 53 11 30 77 
4 71 29 46 99 89 14 88 28 4 
50 44 17 17 70 85 92 16 6 0 
20 69 8 2 15 54 6 63 57 16 
20 72 76 27 68 94 20 25 98 74 
46 51 76 56 24 34 66 16 32 59 
6 19 88 15 44 87 88 12 58 0 
37 33 23 90 55 79 22 95 52 20 
15 4 69 40 81 84 66 54 98 25 
83 89 58 52 3 84 29 63 85 44 
54 29 9 50 74 86 97 65 94 14 
92 10 3 6 95 88 62 99 84 27 
76 55 76 41 9 39 36 0 28 12 
67 30 21 36 26 64 0 32 70 59 
42 32 24 13 21 100 24 80 90 80 
56 83 25 76 0 87 11 71 87 85 
94 76 70 36 35 70 71 69 89 40 
78 76 78 59 82 80 75 2 16 15 
84 14 16 61 65 79 100 85 39 21 
24 98 91 58 66 36 31 8 32 35 
100 86 30 78 51 63 100 60 97 82 
8 63 75 71 66 21 65 69 2 84 
72 7 93 36 27 3 89 97 49 60 
80 76 69 40 39 79 13 15 86 61 
100 62 12 20 4 83 95 51 21 60 
17 13 38 100 39 5 28 54 80 40 
56 63 24 7 38 11 34 44 12 71 
88 87 91 81 76 20 20 73 23 56 
2 60 39 65 18 89 14 36 50 44 
6 96 100 27 47 35 98 20 46 91 
56 71 39 70 30 6 80 48 70 88 
98 43 80 65 66 97 39 73 98 47 
75 51 62 1 82 98 10 28 21 55 
4 14 12 23 1 88 5 91 13 63 
88 6 1 14 39 41 66 53 0 67 
50 17 37 43 40 58 51 94 76 84 
54 28 62 48 11 60 93 97 86 98 
70 74 25 93 10 5 94 44 1 22 
19 66 69 75 65 14 28 64 28 47 
90 20 84 41 77 56 47 8 31 57 
7 63 63 77 97 88 14 15 61 71 
58 29 15 63 41 61 68 95 65 76 
74 35 98 90 8 29 18 47 85 15 
79 78 21 88 100 14 33 9 6 47 
99 41 60 99 7 52 52 71 13 38 
22 46 94 90 12 54 15 30 96 33 
64 65 66 11 12 38 64 37 32 36 
1 32 35 75 36 37 49 27 62 77 
5 47 62 18 86 98 78 79 85 11 
48 6 46 6 68 38 47 82 95 48 
3 53 1 70 3 41 32 69 52 26 
14 33 15 23 67 32 56 10 55 56 
50 25 82 86 55 28 15 70 89 21 
84 16 11 19 75 86 59 95 4 26 
38 71 41 78 98 15 15 59 45 44 
3 82 7 41 45 96 96 71 46 43 
52 2 51 6 56 31 91 0 74 59 
36 32 86 50 23 67 15 48 77 39 
26 92 95 63 81 83 80 0 59 73 
22 25 48 25 85 47 73 9 44 58 
41 61 55 37 97 8 62 34 34 67 
7 26 40 23 33 7 78 78 76 83 
17 67 94 19 68 80 93 14 76 46 
79 56 0 70 17 80 4 4 31 81 
62 20 31 90 73 96 63 47 61 70 
73 37 0 20 62 9 68 3 40 15 
23 74 19 73 100 0 91 27 59 71 
41 63 66 58 60 59 71 61 71 42 
76 17 24 43 91 25 16 100 15 22 
18 28 55 34 68 98 37 18 33 58 
84 84 56 97 53 68 67 69 27 37 
11 54 68 87 52 87 5 28 6 78 
38 39 78 38 83 57 27 24 58 97 
78 7 89 34 9 42 80 64 58 35 
16 85 32 0 49 94 21 26 61 49 
29 88 43 56 42 97 96 21 40 10 
17 27 3 95 8 3 21 66 43 79 
70 6 19 80 10 8 24 12 9 46 
63 38 41 63 28 94 15 42 44 14 
81 3 99 3 56 14 41 46 5 11 
71 34 98 41 37 27 37 49 100 32 
34 11 36 17 16 16 99 55 59 80 
74 41 96 4 39 61 13 8 70 73 
83 21 37 66 16 59 0 64 33 7 
81 43 95 90 19 61 9 74 16 50 
53 58 2 75 26 51 38 60 38 3 
54 42 42 32 63 74 29 91 25 71 
57 37 57 5 53 94 37 69 92 3 
48 26 100 28 55 43 53 16 72 49 
9 87 80 88 19 86 50 34 12 34 
99 50 3 73 79 18 56 100 61 69 
84 29 78 5 28 12 100 100 91 95 
97 55 69 65 63 85 50 46 99 10 
22 72 18 67 59 33 78 2 62 55 
83 17 40 26 26 17 44 82 42 61 
98 26 19 34 55 78 56 20 77 69 
88 88 24 26 57 28 61 92 55 46 
45 51 19 27 57 79 94 37 60 43 
31 26 8 86 94 25 12 36 38 99 
92 80 11 99 27 19 7 93 35 49 
74 33 36 65 88 26 36 51 13 59 
28 36 10 1 5 3 45 7 16 50 
46 60 73 60 45 15 64 26 1 15 
66 59 58 8 10 92 42 45 100 50 
58 9 78 39 83 3 94 21 30 73 
23 38 49 24 91 19 95 34 88 7 
64 27 95 84 26 15 71 43 94 69 
95 35 98 21 45 91 66 100 6 46 
18 48 24 72 97 53 63 40 79 18 
3 100 4 12 75 63 29 74 53 46 
13 84 62 55 70 53 22 6 82 27 
11 99 71 71 20 30 20 4 27 4 
30 5 53 45 27 90 83 29 28 97 
59 34 58 87 77 69 1 35 29 95 
71 56 55 8 88 70 46 50 67 0 
91 62 24 72 8 89 97 86 28 79 
39 52 3 75 74 94 56 18 86 61 
96 24 15 89 1 54 8 4 74 32 
83 25 91 81 69 29 75 13 89 61 
50 8 20 57 68 55 30 70 19 24 
98 71 9 19 48 6 47 24 81 42 
36 63 6 72 38 43 45 76 7 37 
44 7 48 5 53 18 91 0 26 36 
37 100 2 48 3 58 38 23 30 96 
59 27 92 68 6 79 47 79 11 83 
69 12 60 9 25 26 45 79 3 93 
92 59 30 20 46 7 78 48 91 47 
74 17 93 60 84 79 92 21 61 60 
2 65 38 71 19 18 4 72 82 96 
3 13 70 9 98 9 23 64 24 39 
1 50 36 63 16 86 98 65 38 57 
47 51 6 92 92 51 35 33 64 16 
35 71 34 26 15 15 64 50 33 94 
89 62 17 50 88 74 33 42 19 42 
53 24 18 63 54 42 67 47 21 53 
33 97 29 49 10 80 22 15 78 79 
53 36 70 22 15 31 28 10 27 18 
28 16 20 67 83 64 10 74 93 5 
83 92 76 20 19 18 75 48 87 37 
68 100 90 32 84 90 28 41 36 35 
36 55 80 7 22 38 97 50 9 1 
53 80 32 90 46 41 66 25 6 35 
40 70 62 22 21 98 38 49 89 64 
83 52 60 70 63 31 71 70 71 20 
39 16 70 98 92 38 55 12 55 58 
92 36 85 10 76 52 79 97 70 5 
48 32 52 24 89 58 23 40 14 88 
53 33 80 53 85 75 89 53 40 15 
52 34 12 39 59 90 12 30 90 18 
58 92 13 88 58 19 0 11 73 12 
26 18 61 73 11 67 2 99 38 36 
87 93 23 41 1 51 17 80 32 98 
63 94 96 91 30 44 31 53 20 80 
16 38 61 48 88 63 42 24 94 72 
49 82 53 55 100 63 74 20 92 80 
21 45 94 45 19 97 53 96 4 64 
36 92 63 55 70 75 69 22 85 94 
30 29 87 72 37 34 10 66 32 64 
15 13 10 18 12 99 79 22 85 97 
39 62 53 78 38 79 3 9 75 6 
11 99 5 92 91 51 55 6 81 45 
45 47 87 77 52 36 64 82 73 82 
43 92 71 34 34 86 74 46 21 0 
5 83 79 27 64 45 81 89 65 91 
15 86 33 38 92 23 49 43 88 69 
65 14 30 43 44 18 9 67 74 59 
11 78 15 96 60 7 41 68 22 89 
59 20 32 23 32 20 11 13 76 96 
22 86 13 24 97 81 58 17 10 92 
7 76 85 57 25 67 61 70 51 15 
46 49 37 60 87 21 54 4 80 82 
18 23 94 92 40 22 38 77 1 34 
72 62 6 26 92 56 16 87 29 80 
47 9 61 44 22 22 85 74 1 33 
28 51 35 92 17 24 56 82 18 82 
39 78 55 93 48 85 57 43 100 66 
23 90 66 30 9 84 53 38 44 97 
75 93 78 93 11 34 85 54 73 70 
1 52 74 43 9 53 94 31 26 94 
65 87 37 53 14 78 68 27 46 52 
86 80 68 44 59 27 61 54 67 93 
5 24 32 66 39 8 88 44 64 32 
19 50 19 81 17 8 97 29 82 42 
9 6 99 91 27 58 39 19 91 66 
33 33 11 3 100 71 98 45 62 37 
77 14 63 54 91 69 7 40 61 37 
39 58 92 89 44 6 54 15 78 31 
49 40 19 19 48 76 43 51 100 87 
99 48 18 89 100 13 56 93 79 51 
50 23 56 55 78 98 93 26 83 29 
61 44 63 78 50 91 39 33 80 23 
16 31 38 6 44 39 3 12 83 47 
93 19 35 48 24 85 27 38 35 24 
64 77 26 74 66 36 38 29 41 62 
11 24 38 46 55 56 86 87 49 52 
41 40 14 17 20 74 82 32 84 1 
32 73 21 50 31 80 77 5 71 75 
21 73 39 23 71 36 92 61 14 27 
43 38 41 41 23 24 73 33 35 26 
67 77 30 4 20 78 21 13 74 43 
48 40 21 98 70 90 70 79 88 30 
9 34 51 32 44 3 10 40 80 31 
40 13 69 13 16 20 68 78 64 78 
12 95 95 31 13 100 25 62 78 56 
0 86 89 45 44 12 82 69 74 47 
62 88 10 98 28 16 82 26 28 68 
91 75 16 26 71 5 37 92 46 33 
50 58 20 25 8 44 83 99 4 74 
65 79 61 33 38 81 16 21 16 28 
77 46 31 22 99 28 83 93 25 37 
96 100 35 14 55 80 56 53 55 94 
60 23 32 8 43 26 47 39 91 38 
41 46 26 32 94 91 66 85 90 92 
80 81 92 62 37 25 36 38 46 31 
7 15 94 13 19 67 69 54 97 26 
36 10 86 18 23 74 43 86 84 14 
84 66 76 71 75 66 23 61 61 76 
84 43 73 80 64 90 88 53 23 49 
45 93 71 72 24 65 97 52 42 71 
89 85 98 76 69 14 31 83 59 93 
22 3 55 66 87 46 31 73 37 46 
9 25 33 81 37 92 96 8 0 79 
4 46 68 56 83 79 10 48 62 33 
21 58 7 26 49 71 75 67 62 0 
76 29 32 33 23 81 26 43 80 45 
5 30 72 29 9 42 83 2 60 11 
100 88 97 18 91 91 88 79 53 85 
56 75 86 63 84 34 97 63 25 97 
24 49 60 42 7 91 96 23 78 14 
38 6 36 5 61 95 20 39 43 45 
98 20 35 100 85 31 13 52 10 100 
87 8 2 90 95 32 41 32 95 79 
24 67 81 25 42 89 55 56 1 55 
62 32 40 46 66 83 33 97 5 56 
33 29 98 90 42 48 64 63 35 11 
0 79 38 74 62 61 49 36 95 54 
45 45 16 73 89 50 78 58 86 5 
2 47 83 13 38 48 57 82 68 57 
95 78 64 19 95 22 25 51 4 49 
75 10 4 15 59 81 8 15 41 23 
44 33 7 43 40 36 59 39 19 54 
37 48 10 28 13 25 40 25 6 47 
12 3 25 48 87 51 71 100 99 35 
17 45 89 73 28 34 37 99 35 19 
3 46 71 34 73 65 94 25 37 7 
6 74 82 5 14 11 9 21 16 89 
24 91 61 49 94 4 74 3 11 42 
25 18 26 63 38 49 46 74 29 22 
72 56 59 21 73 45 34 66 7 90 
52 10 87 15 62 26 59 9 14 23 
75 87 74 68 35 33 28 10 58 15 
11 17 23 46 1 56 95 75 10 47 
13 49 81 71 100 81 45 41 83 22 
69 39 45 52 26 60 93 54 63 26 
43 59 97 48 47 67 50 96 19 46 
55 25 85 93 60 80 22 67 35 59 
15 99 95 39 64 28 50 92 33 38 
33 95 72 97 79 88 43 53 81 76 
82 1 48 56 51 49 85 0 54 28 
21 17 36 28 86 41 38 0 99 38 
58 43 60 11 60 41 96 94 69 41 
8 14 10 97 53 73 57 18 58 23 
49 71 10 39 0 21 61 30 1 15 
83 9 4 98 40 28 69 27 39 6 
43 81 75 61 62 12 34 7 40 96 
42 28 73 94 53 27 96 77 17 48 
40 83 62 8 44 73 24 21 23 43 
82 14 22 92 97 75 53 93 47 81 
97 44 96 2 100 45 62 73 35 22 
36 34 62 32 58 39 61 92 75 12 
49 16 21 18 75 15 25 74 49 41 
20 84 17 16 48 41 23 66 89 69 
71 73 95 55 71 88 67 39 26 14 
94 66 86 72 18 6 21 42 11 89 
26 42 9 2 12 49 38 19 41 28 
78 11 97 58 65 73 76 26 30 79 
47 93 64 0 69 51 27 62 8 1 
93 0 24 8 21 3 35 90 91 100 
56 22 68 3 82 35 77 53 87 81 
25 34 55 70 22 83 85 54 31 75 
84 63 0 82 5 20 2 18 68 49 
44 12 43 97 0 44 58 41 7 0 
60 38 23 74 93 81 9 3 10 20 
92 56 69 58 94 84 1 58 61 25 
39 61 31 10 73 91 24 58 30 19 
0 96 13 11 67 13 9 65 66 25 
47 100 91 92 65 63 25 7 65 56 
59 5 30 30 36 29 69 58 57 75 
19 71 80 45 47 99 12 79 24 47 
95 97 31 54 55 99 63 85 93 29 
50 21 36 87 19 55 36 18 82 99 
13 51 54 29 89 48 0 23 90 18 
67 30 68 84 69 57 16 49 81 82 
9 32 92 38 75 100 13 6 64 6 
99 57 40 34 63 99 60 14 99 34 
2 76 75 90 39 16 87 92 70 34 
2 25 24 88 46 3 83 53 12 9 
38 55 9 76 25 14 84 21 15 4 
4 7 1 16 45 44 64 53 1 99 
82 31 22 60 33 33 35 85 34 87 
40 62 96 28 35 24 97 78 36 71 
52 48 52 14 37 52 41 99 29 45 
74 10 91 41 79 98 70 76 13 66 
87 81 92 37 18 21 78 96 29 41 
15 5 35 22 18 59 19 14 52 97 
16 37 49 53 97 57 0 84 94 92 
74 64 21 77 97 32 96 51 74 85 
95 40 84 81 72 73 88 46 88 65 
6 6 16 24 89 75 31 46 70 1 
87 82 49 59 65 46 21 6 17 53 
64 24 38 15 78 96 61 58 77 53 
25 47 41 19 3 76 69 6 62 28 
7 5 77 17 75 86 62 46 18 26 
97 86 64 2 18 90 17 60 92 76 
83 99 44 10 22 19 34 59 93 48 
72 28 100 65 76 94 54 22 0 22 
100 60 0 78 92 43 39 46 63 59 
44 47 75 49 19 48 87 29 1 54 
22 24 38 26 79 68 78 21 51 1 
52 63 97 57 31 35 24 35 25 30 
71 10 14 7 67 52 59 0 43 19 
11 76 26 92 63 86 57 39 32 63 
80 7 67 29 97 41 55 37 12 52 
41 85 39 19 37 93 14 47 58 45 
82 40 58 48 21 62 83 44 4 47 
17 87 68 11 14 11 36 83 18 90 
58 58 26 39 44 54 66 71 31 0 
84 45 56 12 8 17 49 27 86 17 
11 59 19 82 1 85 80 26 15 59 
37 63 13 70 14 4 65 23 87 30 
7 47 53 88 98 31 60 25 98 77 
98 61 5 89 45 99 85 52 10 2 
20 85 46 21 83 74 55 52 10 7 
18 9 61 91 32 19 71 45 10 47 
74 51 39 80 12 89 40 56 15 87 
76 77 3 6 84 44 42 27 28 67 
20 93 85 26 75 18 67 26 67 34 
24 30 0 17 90 67 1 70 39 94 
7 16 84 11 90 62 41 28 25 52 
30 83 46 51 69 44 59 36 67 91 
63 5 50 57 59 15 86 17 19 32 
62 4 64 36 12 26 43 70 44 21 
35 13 43 23 1 70 41 34 68 44 
22 85 60 86 42 75 86 88 100 77 
98 19 97 40 53 94 55 76 78 55 
99 39 10 21 82 63 54 18 7 46 
2 75 42 72 82 55 83 28 23 25 
47 29 22 94 4 88 17 63 60 48 
74 99 7 71 97 53 25 61 70 96 
53 73 13 7 50 24 53 32 91 9 
54 87 8 14 72 94 12 38 83 72 
42 12 81 62 41 13 66 93 24 41 
78 53 51 25 46 1 12 65 76 81 
58 87 87 68 42 59 86 41 51 47 
51 25 55 76 28 64 22 16 72 1 
91 85 32 99 95 98 20 48 85 70 
82 71 65 87 61 17 22 37 8 46 
22 85 45 93 10 32 81 5 95 29 
94 100 31 72 2 44 60 49 59 70 
56 94 15 39 45 79 73 63 96 6 
20 16 11 53 69 41 46 92 47 44 
69 60 76 42 70 22 6 56 100 100 
76 6 54 88 96 64 34 23 79 18 
24 39 75 27 61 21 3 7 46 48 
91 6 61 31 63 42 33 1 24 99 
20 51 84 16 100 3 7 100 23 79 
98 72 23 1 6 11 88 98 1 19 
20 49 93 35 64 82 20 62 37 14 
81 36 39 89 31 92 67 95 0 32 
57 14 82 85 46 93 0 30 28 49 
17 81 50 30 95 65 18 2 62 41 
1 4 37 66 80 99 20 37 93 40 
29 66 92 12 89 1 64 98 57 0 
26 90 53 47 72 45 15 56 84 52 
91 98 94 5 65 73 19 44 53 77 
50 88 56 21 88 8 92 46 66 98 
34 73 26 96 25 26 28 100 16 44 
71 98 43 64 0 89 79 88 76 85 
67 34 81 99 29 35 4 51 88 25 
43 99 51 97 92 69 39 38 17 85 
48 2 15 45 53 32 38 84 33 95 
73 87 23 14 84 1 35 40 11 40 
82 12 1 13 51 35 73 78 13 66 
9 4 72 48 68 26 18 33 50 11 
37 43 91 12 57 44 0 89 77 76 
67 84 25 76 56 0 11 67 37 76 
21 1 1 8 94 71 2 5 52 21 
40 92 28 13 45 71 6 54 57 87 
74 50 35 56 7 62 20 52 79 14 
66 20 7 46 75 24 84 8 38 42 
97 32 66 35 79 12 65 71 82 93 
32 99 45 30 87 24 3 80 46 36 
32 75 31 54 62 39 74 45 33 65 
43 77 67 41 29 12 49 69 98 43 
36 38 52 22 14 83 64 29 94 6 
52 30 96 87 66 67 61 12 34 69 
93 18 20 75 24 65 38 32 8 75 
36 33 11 80 44 44 45 79 22 6 
85 100 43 66 30 41 10 39 7 0 
39 82 96 2 48 17 62 29 13 65 
41 5 81 87 94 32 51 74 74 47 
14 67 8 31 49 8 10 46 21 50 
67 13 6 61 83 7 89 98 3 79 
16 16 48 19 96 85 0 84 33 15 
93 27 82 4 33 55 21 71 23 75 
91 41 32 62 84 31 87 68 63 47 
84 86 85 75 69 29 53 96 15 78 
70 87 97 65 46 44 73 2 11 32 
36 7 98 16 93 87 36 55 43 84 
62 49 58 72 82 3 71 58 14 8 
90 62 83 75 61 49 21 77 75 76 
18 30 34 14 32 17 28 29 45 61 
72 6 76 78 72 95 93 48 84 0 
67 65 21 36 16 0 9 91 16 98 
56 0 36 18 55 70 83 15 6 80 
99 1 12 61 10 82 93 36 36 21 
4 97 22 56 67 4 86 23 26 62 
96 73 32 81 83 63 53 74 36 4 
37 69 87 41 91 60 47 76 1 7 
60 32 19 15 79 55 70 90 72 55 
99 65 29 37 92 6 23 8 44 2 
5 11 68 95 66 48 54 54 54 66 
78 13 68 25 52 87 9 53 16 18 
22 14 39 85 3 91 30 6 40 54 
25 4 31 77 97 32 53 50 89 76 
42 50 7 89 46 69 7 38 12 62 
39 72 32 21 35 93 81 90 94 81 
39 82 91 55 53 49 1 15 26 24 
52 89 14 22 95 51 20 89 36 14 
89 19 59 0 62 33 52 60 92 36 
80 8 56 14 24 89 82 90 45 62 
89 81 11 60 47 22 18 74 8 39 
56 37 85 95 29 14 40 90 45 1 
49 100 24 41 77 84 35 61 76 50 
1 4 34 55 70 41 33 44 35 82 
71 67 74 9 87 26 92 65 28 99 
45 68 82 64 71 38 20 23 95 52 
22 28 56 68 84 93 62 1 6 33 
23 33 50 34 15 68 58 69 30 66 
46 57 81 39 96 15 59 53 34 54 
0 66 50 34 25 51 49 33 33 39 
72 76 34 25 90 42 4 9 87 68 
74 75 18 91 67 62 92 83 35 25 
92 5 12 7 87 65 60 56 72 32 
4 46 98 34 27 53 100 46 4 93 
46 67 69 20 87 59 5 89 6 13 
74 25 24 14 17 15 5 92 50 83 
62 44 66 49 12 88 78 52 98 67 
48 25 65 95 51 82 45 69 10 98 
45 85 94 42 1 56 32 15 94 53 
29 13 95 7 4 34 54 41 63 6 
71 62 98 82 80 40 33 15 97 71 
22 77 35 67 19 85 37 9 5 61 
68 26 77 26 24 93 90 55 8 75 
56 66 77 62 19 84 57 40 58 37 
12 17 5 55 41 99 64 64 46 66 
10 48 88 75 14 92 49 54 55 22 
16 39 1 26 65 68 65 8 35 25 
66 16 72 35 1 71 1 46 63 52 
64 3 52 1 38 42 5 75 24 78 
47 2 6 76 62 22 75 7 62 80 
76 41 22 57 73 77 73 14 52 1 
96 56 76 34 63 31 46 49 81 44 
31 61 95 43 6 92 13 21 10 90 
75 75 84 68 68 95 61 70 95 76 
50 10 17 71 47 15 39 79 47 72 
30 97 26 99 18 96 7 90 81 92 
37 89 49 34 23 41 58 10 53 44 
7 99 74 24 25 80 67 8 3 89 
33 62 94 18 7 88 20 41 100 59 
57 34 50 87 54 22 95 10 20 63 
84 75 82 79 63 59 25 99 86 28 
5 91 25 79 19 85 3 84 58 48 
5 48 84 95 26 78 40 60 99 29 
13 2 90 52 79 63 2 9 30 64 
99 44 90 7 93 58 6 14 72 3 
21 82 46 59 30 41 26 72 38 5 
41 43 94 70 1 2 29 93 4 70 
5 82 100 36 59 76 3 65 99 84 
91 12 29 3 72 43 96 15 35 24 
25 43 89 94 17 47 12 83 64 19 
43 72 33 64 73 33 6 94 15 86 
26 30 63 92 38 72 24 1 38 89 
93 24 47 53 92 70 89 86 56 9 
27 25 84 1 94 36 89 45 18 80 
96 31 54 19 69 93 25 72 69 56 
2 86 60 51 98 87 94 79 40 64 
28 3 96 84 32 70 36 10 72 43 
34 55 19 78 22 99 11 71 87 48 
84 96 29 51 44 55 89 25 87 7 
64 45 51 71 28 33 44 49 30 72 
46 65 48 49 61 62 57 81 68 67 
17 28 57 97 76 85 60 1 17 11 
3 91 96 69 80 60 86 43 59 47 
78 20 36 31 8 10 67 8 74 17 
4 47 98 21 45 9 80 80 77 8 
49 26 24 8 62 83 14 91 63 5 
50 97 92 49 64 62 13 20 88 5 
50 31 63 75 29 2 59 85 27 71 
47 14 1 12 68 28 81 94 59 61 
84 16 78 94 85 70 28 100 10 15 
90 22 25 72 46 88 52 44 93 84 
10 44 74 42 46 40 50 37 84 100 
60 95 37 75 57 87 57 27 35 65 
62 98 52 72 29 3 68 71 67 25 
42 40 13 64 67 56 5 49 62 16 
28 84 74 58 82 14 47 100 13 79 
32 22 75 96 95 81 21 77 10 23 
46 1 60 14 26 27 10 79 72 0 
21 80 65 74 62 91 93 83 10 57 
58 2 76 5 35 52 12 34 76 99 
12 6 78 37 73 41 12 29 70 43 
23 81 4 49 100 37 79 8 1 49 
83 100 82 69 73 24 31 53 71 2 
45 20 52 4 39 37 4 19 12 58 
59 35 91 4 88 100 35 78 78 14 
89 1 6 34 63 40 2 37 29 87 
50 75 17 96 47 3 97 83 18 74 
40 9 5 96 56 73 37 35 16 92 
26 79 0 69 86 46 59 71 57 55 
27 12 45 63 69 87 36 20 34 55 
43 28 93 53 44 90 4 32 35 1 
45 8 27 3 78 23 3 77 5 95 
78 25 25 22 19 65 52 35 11 78 
17 34 44 70 44 55 78 71 1 20 
30 100 6 40 15 54 16 56 19 32 
51 24 43 80 18 84 39 84 8 86 
3 3 44 92 11 71 7 27 27 33 
66 48 17 36 71 88 71 64 40 28 
100 54 92 25 7 21 32 40 100 73 
88 12 18 97 96 78 67 0 11 81 
92 68 97 32 77 74 51 68 28 87 
96 17 38 20 76 41 72 44 12 55 
72 46 56 23 21 66 53 80 12 20 
22 27 85 79 24 33 47 11 27 11 
42 19 7 90 29 80 7 32 63 97 
98 20 99 47 13 39 39 59 69 11 
71 39 35 38 93 52 94 8 82 80 
14 24 21 99 79 23 62 13 60 89 
15 44 6 5 6 69 90 46 55 60 
38 61 29 94 22 55 71 2 25 73 
48 18 28 24 4 3 49 96 86 65 
46 93 96 70 41 69 84 47 29 27 
73 62 2 14 45 5 41 58 60 67 
20 74 73 42 5 38 50 73 79 84 
83 29 0 30 90 8 80 48 99 69 
18 1 78 23 8 67 57 45 4 49 
46 36 2 3 95 20 7 96 66 23 
44 67 8 74 60 43 44 57 76 38 
8 47 28 32 9 37 2 37 50 69 
77 5 99 44 39 67 71 49 94 70 
46 75 58 8 18 62 79 64 24 19 
51 92 91 88 6 91 22 23 13 16 
99 86 61 95 61 86 33 82 47 0 
99 6 23 60 82 99 19 96 77 64 
1 16 61 1 89 43 12 48 23 30 
40 78 99 49 51 42 82 100 27 99 
22 54 53 21 21 61 51 26 78 69 
67 46 89 74 19 70 17 38 76 53 
38 91 29 83 8 26 8 56 63 44 
44 54 75 63 75 40 60 98 91 60 
55 42 1 85 69 44 70 96 47 42 
25 7 15 21 15 27 77 72 2 66 
90 97 10 53 15 49 98 60 95 50 
22 35 92 83 67 44 45 29 37 52 
78 80 74 31 31 79 54 74 13 76 
66 64 100 96 79 4 39 1 10 57 
2 28 85 51 27 8 76 46 40 76 
66 76 71 55 13 57 24 56 96 29 
82 48 63 47 42 57 66 26 31 82 
34 49 80 46 46 0 64 83 61 46 
27 42 38 18 58 50 61 74 35 8 
75 9 69 75 99 68 8 42 95 40 
5 52 36 33 6 100 72 19 68 21 
38 25 38 63 15 5 78 68 15 74 
16 45 0 6 78 82 72 58 49 0 
43 22 74 86 87 56 99 61 76 57 
16 19 68 95 7 28 21 60 90 52 
30 17 69 52 78 23 92 40 7 13 
34 92 44 26 38 35 88 16 62 6 
92 39 7 48 63 47 19 19 11 0 
54 82 35 26 17 85 90 72 30 33 
24 97 27 84 76 26 76 74 70 33 
19 90 73 23 60 42 14 49 61 59 
31 1 51 8 7 69 88 91 72 95 
78 45 96 68 74 68 17 18 28 67 
40 51 59 88 1 38 70 61 2 22 
22 56 13 65 33 5 50 2 17 68 
24 3 40 5 68 94 69 50 21 92 
76 53 21 9 45 16 31 52 21 38 
33 31 82 67 99 84 14 95 93 43 
63 48 9 93 39 21 38 50 40 49 
47 17 78 51 42 50 48 100 33 26 
30 64 47 50 55 40 75 87 28 78 
34 26 50 58 84 75 93 65 32 49 
39 16 91 2 71 73 95 18 41 0 
19 31 64 5 93 43 60 88 60 37 
61 45 7 93 46 67 95 25 78 17 
0 78 88 59 30 79 71 70 68 3 
87 64 96 78 34 8 78 66 69 43 
73 87 48 38 80 1 85 47 67 44 
46 6 48 32 63 80 39 68 54 17 
80 77 45 70 55 83 65 15 9 96 
55 27 86 12 42 70 84 63 33 20 
56 71 43 18 88 74 33 25 16 59 
46 62 30 32 84 92 44 41 0 32 
48 95 54 89 23 71 51 72 76 40 
88 15 27 3 94 90 56 99 73 17 
47 69 37 6 42 92 2 94 98 44 
86 32 22 2 86 44 21 42 16 7 
0 67 45 81 1 9 49 90 51 70 
94 88 49 2 83 28 22 79 29 44 
41 100 89 94 86 88 97 86 86 25 
17 100 9 96 30 73 27 48 4 25 
74 100 14 5 20 38 11 72 90 26 
63 88 38 90 99 93 30 34 20 34 
90 17 92 30 18 99 6 5 45 5 
48 41 51 24 23 34 32 6 87 29 
77 84 86 79 69 39 57 67 88 53 
29 84 63 49 45 61 60 38 100 32 
56 80 35 24 94 25 40 78 26 29 
59 38 69 91 31 3 46 58 41 8 
45 93 13 99 56 32 45 10 0 86 
48 94 43 50 37 24 46 46 71 65 
60 26 64 69 89 87 74 23 7 56 
77 85 78 78 36 96 97 38 39 64 
55 38 26 38 65 90 19 35 29 94 
99 89 14 37 88 88 12 20 52 51 
37 23 97 28 43 80 19 46 14 47 
83 74 99 88 65 59 34 99 46 20 
44 95 96 10 30 85 56 47 64 57 
76 75 1 1 74 51 13 43 84 38 
74 65 29 18 11 94 41 54 71 10 
61 77 31 40 46 56 96 86 28 87 
48 20 6 10 74 76 59 95 7 88 
9 79 95 13 6 21 20 100 0 27 
35 62 23 8 2 84 12 79 60 69 
